$ANSIBLE_VAULT;1.1;AES256
65313063336362656135643436613637393630663766323861663661643662336237346633613363
6235613664396338313030626537666665366238346633370a633166323739633032326264373166
61666130636662656630613039313238363437363363383062633862623337363638646334356537
6135316436623338380a666133386265633437343638653536356433666531626133663465643433
35373237316565616630626331343563626231343765626163646234313736353966616164633730
35623366333766333937393230646638636233313736373063383464313236376233366464366534
35323532386439643963346566653535313262363062363762353264306461653963356461336638
64646431393634643361366632626162633932656261633662383937663533366361363637303531
66323161333731656230656530396266396163313037303061336435356632396432653166653262
63393365383366323863386333663062616230363634383961363438303932373965303638316164
37653562326637666531663432393264616633636665303630333737633134343834356532616434
31373133366130613636
